# Frame_Index Feat_0 .. Feat_15 (INT8)
0 0 0 0 0 0 0 0 0 0 0 0 0 0 0 0 0
1 127 127 127 127 127 127 127 120 96 81 71 59 51 47 40 41
2 127 127 127 127 127 127 127 99 80 65 52 33 12 -5 -63 0
3 127 127 127 127 127 127 127 127 127 120 113 101 93 86 81 80
4 127 127 127 127 127 127 127 127 127 127 127 119 112 105 100 100
5 127 127 127 127 127 127 127 127 127 127 127 116 110 104 99 99
6 127 127 127 127 127 127 127 127 121 113 105 96 87 84 80 80
7 0 0 0 0 0 0 0 0 0 0 0 0 0 0 0 0
8 0 0 0 0 0 0 0 0 0 0 0 0 0 0 0 0
