0
3
7
10
14
17
21
24
28
31
35
38
41
45
48
51
55
58
61
64
68
71
74
77
80
83
86
89
91
94
97
100
102
105
107
110
112
114
117
119
121
123
125
127
129
130
132
134
135
137
138
139
141
142
143
144
145
146
146
147
148
148
149
149
149
149
149
149
149
149
149
149
148
148
147
147
146
145
144
143
142
141
140
139
137
136
134
133
131
129
127
126
124
122
119
117
115
113
110
108
106
103
100
98
95
92
90
87
84
81
78
75
72
69
65
62
59
56
53
49
46
42
39
36
32
29
25
22
18
15
11
8
4
1
-2
-5
-9
-12
-16
-19
-23
-26
-30
-33
-37
-40
-44
-47
-50
-54
-57
-60
-63
-67
-70
-73
-76
-79
-82
-85
-88
-91
-93
-96
-99
-101
-104
-106
-109
-111
-114
-116
-118
-120
-122
-124
-126
-128
-130
-132
-133
-135
-136
-138
-139
-140
-141
-143
-144
-144
-145
-146
-147
-147
-148
-148
-149
-149
-149
-149
-150
-149
-149
-149
-149
-148
-148
-147
-147
-146
-145
-144
-144
-143
-141
-140
-139
-138
-136
-135
-133
-132
-130
-128
-126
-124
-122
-120
-118
-116
-114
-111
-109
-106
-104
-101
-99
-96
-93
-91
-88
-85
-82
-79
-76
-73
-70
-67
-63
-60
-57
-54
-50
-47
-44
-40
-37
-33
-30
-26
-23
-19
-16
-12
-9
-5
-2
1
4
8
11
15
18
22
25
29
32
36
39
42
46
49
53
56
59
62
65
69
72
75
78
81
84
87
90
92
95
98
100
103
106
108
110
113
115
117
119
122
124
126
127
129
131
133
134
136
137
139
140
141
0
20
79
168
276
388
489
566
607
607
565
486
379
258
138
34
-41
-81
-84
-53
0
58
102
110
62
-57
-256
-535
-883
-1279
-1692
-2087
-2423
-2661
-2766
-2710
-2479
-2071
-1500
-796
0
836
1657
2403
3024
3477
3733
3780
3623
3287
2809
2239
1632
1046
530
124
-145
-272
-269
-163
0
169
287
300
165
-147
-645
-1317
-2124
-3012
-3908
-4730
-5395
-5824
-5953
-5742
-5173
-4259
-3043
-1593
0
1632
3194
4580
5699
6481
6885
6900
6550
5886
4984
3937
2846
1808
909
212
-245
-456
-447
-270
0
275
465
483
264
-233
-1018
-2065
-3313
-4672
-6028
-7257
-8233
-8842
-8995
-8633
-7740
-6343
-4511
-2351
0
2387
4652
6643
8232
9325
9867
9851
9316
8340
7036
5538
3989
2526
1265
294
-339
-629
-615
-370
0
375
631
654
356
-313
-1366
-2763
-4420
-6216
-8000
-9605
-10869
-11644
-11814
-11311
-10116
-8270
-5867
-3051
0
3084
5996
8543
10563
11939
12606
12560
11852
10588
8914
7003
5034
3181
1590
369
-424
-787
-767
-461
0
465
781
809
440
-386
-1681
-3393
-5419
-7608
-9774
-11717
-13237
-14158
-14343
-13710
-12244
-9994
-7080
-3676
0
3705
7192
10232
12634
14260
15035
14959
14096
12576
10574
8295
5955
3758
1876
435
-499
-925
-900
-541
0
544
913
943
513
-450
-1954
-3939
-6284
-8812
-11308
-13540
-15279
-16324
-16518
-15772
-14069
-11472
-8118
-4210
0
4234
8211
11670
14394
16229
17094
16989
15994
14254
11973
9383
6730
4243
2116
490
-562
-1040
-1012
-607
0
610
1021
1055
573
-502
-2178
-4388
-6994
-9799
-12563
-15030
-16945
-18088
-18287
-17446
-15549
-12667
-8956
-4641
0
4659
9028
12820
15800
17799
18732
18602
17497
15581
13077
10240
7339
4623
2304
533
-611
-1129
-1098
-658
0
660
1105
1141
619
-542
-2349
-4729
-7532
-10545
-13509
-16150
-18194
-19406
-19606
-18690
-16645
-13550
-9573
-4957
0
4970
9622
13655
16816
18930
19908
19756
18570
16525
13859
10845
7767
4889
2435
563
-645
-1191
-1157
-693
0
694
1162
1198
649
-568
-2463
-4954
-7885
-11031
-14123
-16872
-18995
-20247
-20441
-19474
-17332
-14100
-9955
-5151
0
5158
9980
14153
17418
19595
20595
20424
19185
17062
14300
11183
8003
5035
2506
579
-663
-1224
-1188
-711
0
711
1189
1226
664
-581
-2515
-5057
-8043
-11245
-14388
-17178
-19328
-20589
-20774
-19778
-17592
-14303
-10092
-5219
0
5219
10092
14303
17592
19778
20774
20589
19328
17178
14388
11245
8043
5057
2515
581
-664
-1226
-1189
-711
0
711
1188
1224
663
-579
-2506
-5035
-8003
-11183
-14300
-17062
-19185
-20424
-20595
-19595
-17418
-14153
-9980
-5158
0
5151
9955
14100
17332
19474
20441
20247
18995
16872
14123
11031
7885
4954
2463
568
-649
-1198
-1162
-694
0
693
1157
1191
645
-563
-2435
-4889
-7767
-10845
-13859
-16525
-18570
-19756
-19908
-18930
-16816
-13655
-9622
-4970
0
4957
9573
13550
16645
18690
19606
19406
18194
16150
13509
10545
7532
4729
2349
542
-619
-1141
-1105
-660
0
658
1098
1129
611
-533
-2304
-4623
-7339
-10240
-13077
-15581
-17497
-18602
-18732
-17799
-15800
-12820
-9028
-4659
0
4641
8956
12667
15549
17446
18287
18088
16945
15030
12563
9799
6994
4388
2178
502
-573
-1055
-1021
-610
0
607
1012
1040
562
-490
-2116
-4243
-6730
-9383
-11973
-14254
-15994
-16989
-17094
-16229
-14394
-11670
-8211
-4234
0
4210
8118
11472
14069
15772
16518
16324
15279
13540
11308
8812
6284
3939
1954
450
-513
-943
-913
-544
0
541
900
925
499
-435
-1876
-3758
-5955
-8295
-10574
-12576
-14096
-14959
-15035
-14260
-12634
-10232
-7192
-3705
0
3676
7080
9994
12244
13710
14343
14158
13237
11717
9774
7608
5419
3393
1681
386
-440
-809
-781
-465
0
461
767
787
424
-369
-1590
-3181
-5034
-7003
-8914
-10588
-11852
-12560
-12606
-11939
-10563
-8543
-5996
-3084
0
3051
5867
8270
10116
11311
11814
11644
10869
9605
8000
6216
4420
2763
1366
313
-356
-654
-631
-375
0
370
615
629
339
-294
-1265
-2526
-3989
-5538
-7036
-8340
-9316
-9851
-9867
-9325
-8232
-6643
-4652
-2387
0
2351
4511
6343
7740
8633
8995
8842
8233
7257
6028
4672
3313
2065
1018
233
-264
-483
-465
-275
0
270
447
456
245
-212
-909
-1808
-2846
-3937
-4984
-5886
-6550
-6900
-6885
-6481
-5699
-4580
-3194
-1632
0
1593
3043
4259
5173
5742
5953
5824
5395
4730
3908
3012
2124
1317
645
147
-165
-300
-287
-169
0
163
269
272
145
-124
-530
-1046
-1632
-2239
-2809
-3287
-3623
-3780
-3733
-3477
-3024
-2403
-1657
-836
0
796
1500
2071
2479
2710
2766
2661
2423
2087
1692
1279
883
535
256
57
-62
-110
-102
-58
0
53
84
81
41
-34
-138
-258
-379
-486
-565
-607
-607
-566
-489
-388
-276
-168
-79
-20
0
143
144
145
146
147
147
148
148
149
149
149
149
149
149
149
149
149
149
148
148
147
146
146
145
144
143
142
141
139
138
137
135
134
132
130
129
127
125
123
121
119
117
114
112
110
107
105
102
100
97
94
91
89
86
83
80
77
74
71
68
64
61
58
55
51
48
45
41
38
35
31
28
24
21
17
14
10
7
3
0
-3
-7
-10
-14
-17
-21
-24
-28
-31
-35
-38
-41
-45
-48
-51
-55
-58
-61
-64
-68
-71
-74
-77
-80
-83
-86
-89
-91
-94
-97
-100
-102
-105
-107
-110
-112
-114
-117
-119
-121
-123
-125
-127
-129
-130
-132
-134
-135
-137
-138
-139
-141
-142
-143
-144
-145
-146
-146
-147
-148
-148
-149
-149
-149
-149
-149
-149
-149
-149
-149
-149
-148
-148
-147
-147
-146
-145
-144
-143
-142
-141
-140
-139
-137
-136
-134
-133
-131
-129
-127
-126
-124
-122
-119
-117
-115
-113
-110
-108
-106
-103
-100
-98
-95
-92
-90
-87
-84
-81
-78
-75
-72
-69
-65
-62
-59
-56
-53
-49
-46
-42
-39
-36
-32
-29
-25
-22
-18
-15
-11
-8
-4
-1
2
5
9
12
16
19
23
26
30
33
37
40
44
47
50
54
57
60
63
67
70
73
76
79
82
85
88
91
93
96
99
101
104
106
109
111
114
116
118
120
122
124
126
128
130
132
133
135
136
138
139
140
141
143
144
144
145
146
147
147
148
148
149
149
149
149
150
149
149
149
149
148
148
147
147
146
145
144
144
143
141
140
139
138
136
135
133
132
130
128
126
124
122
120
118
116
114
111
109
106
104
101
99
96
93
91
88
85
82
79
76
73
70
67
63
60
57
54
50
47
44
40
37
33
30
26
23
19
16
12
9
5
2
-1
-4
-8
-11
-15
-18
-22
-25
-29
-32
-36
-39
-42
-46
-49
-53
-56
-59
-62
-65
-69
-72
-75
-78
-81
-84
-87
-90
-92
-95
-98
-100
-103
-106
-108
-110
-113
-115
-117
-119
-122
-124
-126
-127
-129
-131
-133
-134
-136
-137
-139
-140
-141
-142
-143
-144
-145
-146
-147
-147
-148
-148
-149
-149
-149
-149
-149
-149
-149
-149
-149
-149
-148
-148
-147
-146
-146
-145
-144
-143
-142
-141
-139
-138
-137
-135
-134
-132
-130
-129
-127
-125
-123
-121
-119
-117
-114
-112
-110
-107
-105
-102
-100
-97
-94
-91
-89
-86
-83
-80
-77
-74
-71
-68
-64
-61
-58
-55
-51
-48
-45
-41
-38
-35
-31
-28
-24
-21
-17
-14
-10
-7
-3
